62.28693470317904
60.63837219101251
58.943381417218305
62.33843181667131
61.460714104998054
57.585095007450924
65.94041061715652
64.01644319330961
69.73018389967334
69.24839555502135
58.72425881208249
54.94855881032349
58.7569349415796
46.74496872570619
realy [[ 0.95483264]
 [-0.35241575]
 [-0.13579953]
 [ 0.        ]
 [-0.02885789]
 [ 0.68716631]
 [-0.19743111]
 [ 0.81960423]
 [ 0.49999682]
 [ 0.8975833 ]
 [-0.8975833 ]
 [-0.49999841]
 [-0.19743111]
 [ 0.47556226]
 [ 0.43716582]
 [-0.12888073]
 [ 0.        ]
 [ 0.        ]
 [ 0.10241606]
 [-0.27646439]
 [ 0.10241575]
 [ 0.31283222]
 [-0.39758171]
 [ 0.74999894]
 [ 0.56283173]
 [ 0.85241575]
 [-0.74999936]
 [ 0.49999682]
 [-0.74999841]
 [ 0.49999682]
 [ 0.56283173]
 [-0.74999947]
 [ 0.74999682]
 [-0.56283173]
 [ 0.39758266]
 [ 0.74999841]
 [-0.18039525]
 [-0.35241575]
 [-0.06283284]
 [ 0.04516711]
 [-0.36101691]
 [-0.10241575]
 [-0.74999976]
 [ 0.        ]
 [-0.35241596]
 [ 0.        ]
 [-0.39758298]
 [ 0.80256803]
 [ 0.        ]
 [ 0.2147764 ]
 [ 0.49999682]
 [-0.53522259]
 [ 0.        ]
 [ 0.31283222]
 [ 0.66141393]
 [ 0.        ]
 [ 0.61687463]
 [-0.24999682]
 [-0.39758171]
 [ 0.37111817]
 [-0.38312451]
 [ 0.        ]
 [-0.74999968]
 [ 0.45483187]
 [-0.74999682]
 [ 0.        ]
 [ 0.        ]
 [ 0.        ]
 [-0.74999682]
 [ 0.57797838]
 [ 0.        ]
 [ 0.24999894]
 [ 0.16141417]
 [-0.17202031]
 [-0.24999682]
 [ 0.9371668 ]
 [-0.66141393]
 [ 0.24999841]
 [ 0.35241511]
 [ 0.        ]
 [-0.2211418 ]
 [ 0.        ]
 [ 0.        ]
 [-0.74999682]
 [-0.2499996 ]
 [ 0.24999841]
 [ 0.74999682]
 [ 0.49999936]
 [-0.37111817]
 [ 0.49999682]
 [ 0.74999841]
 [-0.74999841]
 [-0.46477601]
 [-0.37111817]
 [-0.24999841]
 [ 0.74999936]
 [ 0.80256824]
 [-0.37111817]
 [ 0.83858523]
 [ 0.45483187]
 [ 0.        ]
 [ 0.18716655]
 [ 0.        ]
 [-0.24999841]
 [-0.67201993]
 [ 0.3427732 ]
 [ 1.        ]
 [-0.10241575]
 [ 0.81960423]
 [-0.06283284]
 [ 1.        ]
 [ 0.39758314]
 [-0.2499996 ]
 [ 0.18716655]
 [ 0.60241543]
 [ 0.10241606]
 [ 0.69743094]
 [ 0.        ]
 [-0.06283271]
 [ 1.        ]
 [ 0.49999682]
 [-0.64758298]
 [ 0.74999682]
 [ 0.        ]
 [ 0.24999894]
 [ 0.        ]
 [ 0.49999682]
 [ 0.24999894]
 [-0.24999682]
 [-0.46477601]
 [ 0.39758171]
 [ 0.74999936]
 [ 0.60241543]
 [ 0.14758298]
 [-0.42202012]
 [-0.49999682]
 [-0.30256785]
 [ 0.61687463]
 [ 0.        ]
 [-0.60241447]
 [ 0.10241575]
 [ 0.24999894]
 [ 0.70483226]
 [ 0.24999841]
 [ 0.08475051]
 [ 0.        ]
 [ 0.24999682]
 [ 1.        ]
 [ 0.62888029]
 [ 0.24999682]
 [ 0.24999682]
 [-0.24999682]
 [ 0.72730189]
 [ 0.64758234]
 [ 0.08475051]
 [ 0.74999682]
 [ 0.        ]
 [ 0.39758171]
 [ 0.68716631]
 [ 0.64758298]
 [ 0.74999682]
 [-0.24999894]
 [-0.56283173]
 [ 0.        ]
 [-0.24999841]
 [-0.03522321]
 [-0.74999971]
 [-0.69743094]
 [-0.60241543]
 [ 0.24999894]
 [-0.81283247]
 [-0.81283271]
 [ 0.85241575]
 [ 0.24999894]
 [-0.74999682]
 [-0.24999841]
 [ 0.        ]
 [ 0.        ]
 [ 0.43716582]
 [ 0.49999841]
 [-0.82797857]
 [-0.17202031]
 [ 0.        ]
 [ 0.32797819]
 [ 0.74999682]
 [ 0.10241575]
 [ 0.        ]
 [-0.14758298]
 [-0.24999682]
 [-0.67201993]
 [ 1.        ]
 [-0.74999947]
 [ 0.10241575]
 [ 0.97556271]
 [ 0.        ]
 [-0.24999682]
 [-0.9371668 ]
 [ 0.64758234]
 [ 0.89758346]
 [ 0.12888073]] predict [[ 0.66385989]
 [-0.31182802]
 [-0.35319174]
 [ 0.14239578]
 [ 0.06456221]
 [ 0.62151082]
 [-0.1617122 ]
 [ 0.48509352]
 [ 0.61010891]
 [ 0.82286643]
 [-0.08816245]
 [-0.41472014]
 [-0.12521957]
 [ 0.43775636]
 [ 0.29067611]
 [-0.02896718]
 [-0.11072517]
 [-0.01956075]
 [-0.14951506]
 [-0.28586305]
 [ 0.29254745]
 [ 0.45339062]
 [-0.48016737]
 [ 0.35647061]
 [ 0.21524864]
 [ 0.75966012]
 [-0.73916714]
 [-0.10700627]
 [-0.63747753]
 [ 0.33778809]
 [ 0.70426721]
 [-0.77391946]
 [ 0.08828652]
 [-0.51552317]
 [ 0.45011156]
 [ 0.79856881]
 [-0.26420054]
 [-0.22719236]
 [-0.34699102]
 [ 0.0761689 ]
 [ 0.19637124]
 [-0.19306218]
 [-0.73111661]
 [-0.11862707]
 [-0.28454877]
 [-0.10981596]
 [-0.45433823]
 [ 0.42078893]
 [-0.12763552]
 [ 0.09203723]
 [ 0.81266334]
 [-0.25179348]
 [-0.10806397]
 [-0.02549138]
 [ 0.67919625]
 [-0.02029497]
 [-0.00965886]
 [-0.5105055 ]
 [ 0.00920871]
 [ 0.19436341]
 [ 0.19714885]
 [ 0.10225457]
 [-0.75202568]
 [ 0.32092334]
 [-0.15182933]
 [ 0.1403552 ]
 [ 0.26033014]
 [ 0.44531281]
 [-0.0620577 ]
 [ 0.54235886]
 [ 0.0944953 ]
 [ 0.15813481]
 [ 0.21326121]
 [-0.2712821 ]
 [-0.19800947]
 [ 0.83981286]
 [-0.60632931]
 [ 0.1918891 ]
 [ 0.41415758]
 [-0.24135335]
 [-0.12777433]
 [ 0.22438881]
 [ 0.01323164]
 [-0.03758766]
 [-0.25058499]
 [ 0.22764114]
 [ 0.73328429]
 [ 0.6809059 ]
 [-0.26390954]
 [ 0.2894941 ]
 [ 0.72974784]
 [-0.49220182]
 [-0.21804795]
 [-0.52733539]
 [-0.311498  ]
 [ 0.71995138]
 [ 0.50632533]
 [-0.51770351]
 [ 0.03960618]
 [-0.33411123]
 [ 0.15272523]
 [-0.05092366]
 [-0.13054729]
 [-0.18702845]
 [-0.63649198]
 [-0.38448485]
 [ 0.39314343]
 [-0.38181318]
 [ 0.1230885 ]
 [ 0.05642289]
 [ 0.1335262 ]
 [ 0.30887762]
 [-0.1918174 ]
 [-0.04961596]
 [ 0.81444418]
 [ 0.36683368]
 [ 0.69348718]
 [ 0.19003674]
 [-0.10114091]
 [ 0.70218546]
 [ 0.24371405]
 [-0.41288806]
 [ 0.60710616]
 [ 0.58669865]
 [-0.06903296]
 [ 0.00905241]
 [ 0.5340175 ]
 [ 0.39419139]
 [-0.07676576]
 [ 0.44484145]
 [ 0.04407066]
 [ 0.18912321]
 [ 0.65077527]
 [ 0.14634234]
 [-0.52615605]
 [-0.29715823]
 [-0.21003625]
 [ 0.27218261]
 [ 0.09223019]
 [-0.63151841]
 [-0.0237302 ]
 [ 0.35638092]
 [ 0.71422057]
 [ 0.32233213]
 [ 0.15501692]
 [ 0.07371889]
 [ 0.13533357]
 [ 0.39081998]
 [ 0.60514983]
 [ 0.31100093]
 [ 0.35944744]
 [ 0.08812055]
 [-0.13518923]
 [ 0.54825728]
 [ 0.55451076]
 [ 0.39983927]
 [ 0.0288793 ]
 [ 0.51369386]
 [ 0.66262515]
 [ 0.55685882]
 [ 0.27878276]
 [-0.22948447]
 [-0.20936453]
 [ 0.31475088]
 [-0.01740289]
 [ 0.02235005]
 [-0.66761773]
 [-0.54570971]
 [-0.22989308]
 [ 0.09174669]
 [-0.76297284]
 [-0.66331428]
 [ 0.71401331]
 [ 0.49111409]
 [-0.10955258]
 [-0.10432635]
 [-0.19290085]
 [ 0.18036342]
 [ 0.21279538]
 [ 0.36702903]
 [-0.02075281]
 [-0.00578018]
 [-0.31562006]
 [ 0.19155531]
 [-0.11923441]
 [ 0.0295207 ]
 [ 0.08223016]
 [-0.18365714]
 [-0.14747429]
 [-0.3762362 ]
 [-0.82621002]
 [ 0.61095187]
 [ 0.04539869]
 [ 0.15132539]
 [ 0.08484248]
 [-0.00584545]
 [-0.32315541]
 [ 0.58599453]
 [-0.67889445]
 [ 0.09481577]]


[<tf.Variable 'b:0' shape=(2,) dtype=float64_ref>, <tf.Variable 'Conv/weights:0' shape=(4, 4, 3, 16) dtype=float64_ref>, <tf.Variable 'Conv/biases:0' shape=(16,) dtype=float64_ref>, <tf.Variable 'Conv_1/weights:0' shape=(4, 4, 3, 256) dtype=float64_ref>, <tf.Variable 'Conv_1/biases:0' shape=(256,) dtype=float64_ref>, <tf.Variable 'Conv_2/weights:0' shape=(5, 5, 256, 16) dtype=float64_ref>, <tf.Variable 'Conv_2/biases:0' shape=(16,) dtype=float64_ref>, <tf.Variable 'fully_connected/weights:0' shape=(16, 256) dtype=float64_ref>, <tf.Variable 'fully_connected/biases:0' shape=(256,) dtype=float64_ref>, <tf.Variable 'fully_connected_1/weights:0' shape=(256, 512) dtype=float64_ref>, <tf.Variable 'fully_connected_1/biases:0' shape=(512,) dtype=float64_ref>, <tf.Variable 'fully_connected_2/weights:0' shape=(512, 64) dtype=float64_ref>, <tf.Variable 'fully_connected_2/biases:0' shape=(64,) dtype=float64_ref>, <tf.Variable 'fully_connected_3/weights:0' shape=(64, 1) dtype=float64_ref>, <tf.Variable 'fully_connected_3/biases:0' shape=(1,) dtype=float64_ref>]
111.51618139733378